<?xml version="1.0"?>
<opencv_storage>
<classifications type_id="opencv-matrix">
  <rows>50</rows>
  <cols>1</cols>
  <dt>i</dt>
  <data>
    48 49 50 51 52 53 54 55 56 57 65 66 67 68 69 70 71 72 73 74 75 76 77
    78 79 80 81 82 83 84 85 86 87 88 89 90 66 77 87 56 56 56 56 65 66 67
    53 54 55 56</data></classifications>
</opencv_storage>
